 176 177 178 178 177 177 178 179 178 177 175 171 174 175 176 174
 176 177 177 177 177 178 180 171 178 178 174 172 173 175 175 178
 177 178 178 177 165  89  41  45  35  68 138 173 173 176 176 181
 178 178 177 152  47 108 161  57  35  33  29  91 175 176 176 182
 176 178 168  55 131 178  74  31  31  31  29  27 107 175 176 181
 175 176 115  79 175 150  30  28  28  32  33  29  34 171 175 180
 176 177  75 135 176 107  32  31  31  32  35  33  32 128 174 178
 177 179  64 145 176 100  30  30  28  32  30  30  29 105 175 178
 177 176  70 138 176 106  29  32  32  30  31  33  33 117 175 176
 177 178 111  88 177 144  35  31  31  29  31  33  35 164 175 176
 176 176 165  48 136 177  67  33  31  28  27  29  91 174 174 176
 170 176 176 142  48 126 155  46  34  30  28  68 166 174 173 177
 157 177 177 177 161  68  39  53  32  45 103 168 171 173 174 174
 158 177 177 176 177 177 166 144 158 173 171 171 171 173 173 174
 161 177 176 175 177 176 175 177 176 174 171 170 172 172 172 171
 136 151 165 145 153 168 173 178 180 174 176 174 171 175 175 165
 167 163 163 164 164 164 165 166 166 165 164 162 163 164 165 164
 165 164 164 164 165 164 167 160 167 166 162 161 163 164 165 168
 167 164 165 165 154  84  37  43  34  65 131 162 163 163 164 171
 168 164 164 142  45 104 152  55  36  34  29  86 163 163 164 171
 166 165 158  53 127 165  69  31  31  33  31  27 103 162 163 170
 167 164 108  76 163 140  30  31  29  32  33  31  34 161 164 169
 168 164  69 128 165 101  32  31  32  33  35  34  32 121 163 168
 168 166  58 135 165  95  32  31  28  32  30  30  30  99 163 167
 168 166  66 131 164 102  32  32  32  30  31  33  33 112 163 167
 167 164 105  84 165 136  35  31  31  30  32  33  34 156 163 166
 169 165 155  46 131 165  65  33  31  28  28  30  87 164 163 165
 162 165 165 133  49 120 148  47  34  30  28  69 157 162 163 165
 147 165 165 165 151  66  37  53  33  43  99 159 161 163 163 164
 149 165 165 165 166 165 157 136 150 163 160 161 161 162 163 164
 149 165 165 165 165 164 163 165 164 162 161 160 162 162 162 162
 127 141 156 136 143 159 163 166 167 163 167 165 163 165 165 157
 161 156 156 155 155 155 157 157 158 157 157 154 155 156 158 158
 159 155 156 157 157 158 160 152 158 159 156 155 156 157 159 163
 160 155 157 157 147  82  39  43  35  64 127 156 156 157 157 164
 162 156 156 136  45 101 147  54  35  34  31  86 157 156 157 165
 161 157 151  54 124 158  69  32  31  33  32  27 101 156 157 165
 160 156 105  75 157 136  31  32  29  32  33  32  35 155 156 165
 161 157  69 125 157  98  34  31  32  33  36  34  32 118 156 163
 162 160  59 131 157  94  34  30  28  32  30  30  30  97 157 163
 163 159  66 128 157  98  33  32  32  30  31  33  34 110 158 161
 161 157 103  84 158 131  36  31  31  30  32  33  35 152 157 159
 163 158 151  48 127 158  64  33  31  28  28  31  87 158 157 159
 157 158 157 130  49 116 144  47  34  30  29  67 152 157 157 160
 141 158 158 159 146  67  40  54  33  43  98 153 155 157 157 159
 143 158 158 157 158 158 152 131 144 158 156 154 155 158 157 158
 145 158 157 157 158 157 157 157 156 156 156 155 156 156 156 157
 124 137 150 132 139 155 159 161 160 157 159 160 157 160 159 152

 174 178 181 182 181 180 178 178 176 176 176 177 174 174 171 165
 176 175 176 176 176 175 174 175 175 175 174 173 174 173 172 175
 175 175 176 176 175 171 128 105 117 164 174 174 173 173 172 175
 174 173 173 175 107  34  32  29  33  35  91 166 171 171 172 171
 171 172 173  91  27  29  33  30  33  33  29  68 168 171 170 174
 175 174 138  29  29  33  35  30  31  31  27  28 103 171 171 176
 177 178  68  33  31  32  32  32  30  29  28  30  45 173 174 174
 178 178  35  35  31  28  31  28  32  31  31  34  32 158 176 180
 179 171  45  57  31  28  31  30  32  31  33  46  53 144 177 178
 178 180  41 161  74  30  32  30  29  35  67 155  39 166 175 173
 177 178  89 108 178 150 107 100 106 144 177 126  68 177 176 168
 177 177 165  47 131 175 176 176 176 177 136  48 161 177 177 153
 178 177 177 152  55  79 135 145 138  88  48 142 177 176 175 145
 178 177 178 177 168 115  75  64  70 111 165 176 177 177 176 165
 177 177 178 178 178 176 177 179 176 178 176 176 177 177 177 151
 176 176 177 178 176 175 176 177 177 177 176 170 157 158 161 136
 164 168 171 171 170 169 168 167 167 166 165 165 164 164 162 157
 165 165 164 164 163 164 163 163 163 163 163 163 163 163 162 165
 164 164 163 163 162 161 121  99 112 156 164 162 163 162 162 165
 163 163 163 163 103  34  32  30  33  34  87 157 161 161 162 163
 162 161 162  86  27  31  34  30  33  33  30  69 159 161 160 165
 164 162 131  29  31  33  35  30  31  32  28  28  99 160 161 167
 165 166  65  34  33  32  33  32  30  30  28  30  43 163 162 163
 166 167  34  36  31  29  32  28  32  31  31  34  33 150 164 167
 166 160  43  55  31  31  31  31  32  31  33  47  53 136 165 166
 165 167  37 152  69  30  32  32  32  35  65 148  37 157 163 163
 164 164  84 104 165 140 101  95 102 136 165 120  66 165 164 159
 164 165 154  45 127 163 165 165 164 165 131  49 151 166 165 143
 164 164 165 142  53  76 128 135 131  84  46 133 165 165 165 136
 163 164 165 164 158 108  69  58  66 105 155 165 165 165 165 156
 163 164 164 164 165 164 164 166 166 164 165 165 165 165 165 141
 167 165 167 168 166 167 168 168 168 167 169 162 147 149 149 127
 158 163 164 165 165 165 163 163 161 159 159 160 159 158 157 152
 158 159 157 157 157 156 156 157 158 157 157 157 157 157 156 159
 156 157 157 156 156 155 118  97 110 152 158 157 157 158 156 160
 155 156 156 157 101  35  32  30  34  35  87 152 155 155 156 157
 154 155 156  86  27  32  34  30  33  33  31  67 153 154 155 160
 157 156 127  31  32  33  36  30  31  32  28  29  98 156 156 159
 157 159  64  34  33  32  33  32  30  30  28  30  43 158 156 157
 158 158  35  35  31  29  32  28  32  31  31  34  33 144 156 160
 157 152  43  54  32  32  31  30  32  31  33  47  54 131 157 161
 157 160  39 147  69  31  34  34  33  36  64 144  40 152 157 159
 155 158  82 101 158 136  98  94  98 131 158 116  67 158 157 155
 155 157 147  45 124 157 157 157 157 158 127  49 146 158 158 139
 155 157 157 136  54  75 125 131 128  84  48 130 159 157 157 132
 156 156 157 156 151 105  69  59  66 103 151 157 158 158 157 150
 156 155 155 156 157 156 157 160 159 157 158 158 158 158 158 137
 161 159 160 162 161 160 161 162 163 161 163 157 141 143 145 124

 165 175 175 171 174 176 174 180 178 173 168 153 145 165 151 136
 171 172 172 172 170 171 174 176 177 175 176 177 175 176 177 161
 174 173 173 171 171 171 173 158 144 166 177 177 176 177 177 158
 174 174 173 171 168 103  45  32  53  39  68 161 177 177 177 157
 177 173 174 166  68  28  30  34  46 155 126  48 142 176 176 170
 176 174 174  91  29  27  28  31  33  67 177 136  48 165 176 176
 176 175 164  35  33  31  29  31  31  35 144 177  88 111 178 177
 176 175 117  33  33  31  30  32  32  29 106 176 138  70 176 177
 178 175 105  29  30  30  32  28  30  30 100 176 145  64 179 177
 178 174 128  32  33  35  32  31  31  32 107 176 135  75 177 176
 180 175 171  34  29  33  32  28  28  30 150 175  79 115 176 175
 181 176 175 107  27  29  31  31  31  74 178 131  55 168 178 176
 182 176 176 175  91  29  33  35  57 161 108  47 152 177 178 178
 181 176 176 173 173 138  68  35  45  41  89 165 177 178 178 177
 178 175 175 173 172 174 178 178 171 180 178 177 177 177 177 176
 174 176 175 174 171 175 177 178 179 178 177 177 178 178 177 176
 157 165 165 163 165 167 163 167 166 163 159 143 136 156 141 127
 162 162 162 162 160 161 162 164 165 163 164 165 165 165 165 149
 164 163 162 161 161 160 163 150 136 157 165 166 165 165 165 149
 164 163 163 161 159  99  43  33  53  37  66 151 165 165 165 147
 165 163 162 157  69  28  30  34  47 148 120  49 133 165 165 162
 165 163 164  87  30  28  28  31  33  65 165 131  46 155 165 169
 166 163 156  34  33  32  30  31  31  35 136 165  84 105 164 167
 167 163 112  33  33  31  30  32  32  32 102 164 131  66 166 168
 167 163  99  30  30  30  32  28  31  32  95 165 135  58 166 168
 168 163 121  32  34  35  33  32  31  32 101 165 128  69 164 168
 169 164 161  34  31  33  32  29  31  30 140 163  76 108 164 167
 170 163 162 103  27  31  33  31  31  69 165 127  53 158 165 166
 171 164 163 163  86  29  34  36  55 152 104  45 142 164 164 168
 171 164 163 163 162 131  65  34  43  37  84 154 165 165 164 167
 168 165 164 163 161 162 166 167 160 167 164 165 164 164 164 165
 164 165 164 163 162 164 165 166 166 165 164 164 164 163 163 167
 152 159 160 157 160 159 157 160 161 159 155 139 132 150 137 124
 157 156 156 156 155 156 156 156 157 157 157 158 157 157 158 145
 158 157 158 155 154 156 158 144 131 152 158 158 157 158 158 143
 159 157 157 155 153  98  43  33  54  40  67 146 159 158 158 141
 160 157 157 152  67  29  30  34  47 144 116  49 130 157 158 157
 159 157 158  87  31  28  28  31  33  64 158 127  48 151 158 163
 159 157 152  35  33  32  30  31  31  36 131 158  84 103 157 161
 161 158 110  34  33  31  30  32  32  33  98 157 128  66 159 163
 163 157  97  30  30  30  32  28  30  34  94 157 131  59 160 162
 163 156 118  32  34  36  33  32  31  34  98 157 125  69 157 161
 165 156 155  35  32  33  32  29  32  31 136 157  75 105 156 160
 165 157 156 101  27  32  33  31  32  69 158 124  54 151 157 161
 165 157 156 157  86  31  34  35  54 147 101  45 136 156 156 162
 164 157 157 156 156 127  64  35  43  39  82 147 157 157 155 160
 163 159 157 156 155 156 159 158 152 160 158 157 157 156 155 159
 158 158 156 155 154 157 157 158 157 157 155 155 155 156 156 161

 136 161 158 157 170 176 177 177 177 176 175 176 178 177 176 176
 151 177 177 177 176 176 178 176 179 177 176 178 178 178 177 177
 165 176 177 177 176 165 111  70  64  75 115 168 177 178 177 178
 145 175 176 177 142  48  88 138 145 135  79  55 152 177 177 178
 153 177 177 161  48 136 177 176 176 176 175 131  47 165 177 177
 168 176 177  68 126 177 144 106 100 107 150 178 108  89 178 177
 173 175 166  39 155  67  35  29  30  32  30  74 161  41 180 178
 178 177 144  53  46  33  31  32  30  31  28  31  57  45 171 179
 180 176 158  32  34  31  31  32  28  31  28  31  35  35 178 178
 174 174 173  45  30  28  29  30  32  32  32  31  33  68 178 177
 176 171 171 103  28  27  31  31  30  35  33  29  29 138 174 175
 174 170 171 168  68  29  33  33  30  33  29  27  91 173 172 171
 171 172 171 171 166  91  35  33  29  32  34 107 175 173 173 174
 175 172 173 173 174 174 164 117 105 128 171 175 176 176 175 175
 175 172 173 174 173 174 175 175 175 174 175 176 176 176 175 176
 165 171 174 174 177 176 176 176 178 178 180 181 182 181 178 174
 127 149 149 147 162 169 167 168 168 168 167 166 168 167 165 167
 141 165 165 165 165 165 164 166 166 164 164 165 164 164 164 163
 156 165 165 165 165 155 105  66  58  69 108 158 164 165 164 163
 136 165 165 165 133  46  84 131 135 128  76  53 142 165 164 164
 143 165 166 151  49 131 165 164 165 165 163 127  45 154 165 164
 159 164 165  66 120 165 136 102  95 101 140 165 104  84 164 164
 163 163 157  37 148  65  35  32  32  32  30  69 152  37 167 165
 166 165 136  53  47  33  31  32  31  31  31  31  55  43 160 166
 167 164 150  33  34  31  31  32  28  32  29  31  36  34 167 166
 163 162 163  43  30  28  30  30  32  33  32  33  34  65 166 165
 167 161 160  99  28  28  32  31  30  35  33  31  29 131 162 164
 165 160 161 159  69  30  33  33  30  34  31  27  86 162 161 162
 163 162 161 161 157  87  34  33  30  32  34 103 163 163 163 163
 165 162 162 163 162 164 156 112  99 121 161 162 163 163 164 164
 165 162 163 163 163 163 163 163 163 163 164 163 164 164 165 165
 157 162 164 164 165 165 166 167 167 168 169 170 171 171 168 164
 124 145 143 141 157 163 161 163 162 161 160 161 162 160 159 161
 137 158 158 158 158 158 157 159 160 157 156 157 156 155 155 156
 150 157 158 158 157 151 103  66  59  69 105 151 156 157 156 156
 132 157 157 159 130  48  84 128 131 125  75  54 136 157 157 155
 139 158 158 146  49 127 158 157 157 157 157 124  45 147 157 155
 155 157 158  67 116 158 131  98  94  98 136 158 101  82 158 155
 159 157 152  40 144  64  36  33  34  34  31  69 147  39 160 157
 161 157 131  54  47  33  31  32  30  31  32  32  54  43 152 157
 160 156 144  33  34  31  31  32  28  32  29  31  35  35 158 158
 157 156 158  43  30  28  30  30  32  33  32  33  34  64 159 157
 159 156 156  98  29  28  32  31  30  36  33  32  31 127 156 157
 160 155 154 153  67  31  33  33  30  34  32  27  86 156 155 154
 157 156 155 155 152  87  35  34  30  32  35 101 157 156 156 155
 160 156 158 157 157 158 152 110  97 118 155 156 156 157 157 156
 159 156 157 157 157 157 157 158 157 156 156 157 157 157 159 158
 152 157 158 159 160 159 159 161 163 163 165 165 165 164 163 158

