 197 233 231 229 228 229 233 234 232 229 226 224 224 224 228 231
 194 233 230 228 230 229 231 233 233 230 228 227 226 226 228 229
 195 233 231 229 230 230 231 232 231 230 228 228 224 215 228 228
 194 231 230 229 230 229 229 231 230 230 228 216 111 102 202 230
 186 230 229 229 229 229 230 229 229 229 228 116 126 202 102 226
 185 229 228 227 227 228 229 229 228 182 107 133  97 193 212 228
 174 229 228 227 227 227 229 229 228 118 222 122 173 190 229 228
 177 228 228 226 227 227 228 166 134 107 140 110 216 228 228 228
 179 228 227 226 181 211 178 135 164 121 174 209 225 227 229 227
 182 228 227 224  89  98 168 119 169 129 226 226 225 226 228 226
 186 227 190 223 145  91  96 150 144 219 225 225 225 227 227 226
 190 192  62 105 167 113 141 161 225 225 225 227 226 226 226 224
 194 227 152 103 117  66 201 223 225 226 227 228 226 225 225 225
 193 228 227 126 130 206 222 223 225 226 227 227 226 226 225 221
 188 227 225 221 190 221 223 223 226 227 227 227 226 226 224 218
 181 210 220 209 209 209 201 201 199 201 201 199 207 199 209 206
 161 187 185 182 183 187 191 193 191 187 183 183 185 188 192 200
 160 187 185 183 185 186 188 190 189 187 186 185 187 189 192 194
 160 186 185 185 184 186 187 188 188 187 186 186 186 181 192 193
 156 186 184 184 185 185 186 187 187 187 186 179  94  87 171 193
 150 184 183 183 184 185 185 186 185 186 186  95 109 171  87 192
 148 183 182 182 182 183 184 185 185 149  89 114  86 168 177 191
 144 183 182 182 182 182 184 183 185  95 185 100 148 161 191 191
 147 182 181 180 181 182 184 134 112  90 119  90 182 188 190 191
 150 182 181 180 144 171 144 114 134 103 144 173 186 188 188 189
 151 181 180 179  68  78 138 101 141 106 183 184 186 186 187 187
 154 182 151 178 113  74  81 122 116 179 183 184 184 186 186 186
 157 157  50  85 135  89 114 134 181 182 184 184 185 186 187 185
 160 181 121  83  94  50 162 179 180 182 182 184 185 185 185 185
 156 181 181 101 106 165 177 178 180 181 183 184 185 184 184 182
 152 180 179 177 154 176 177 178 180 181 182 183 183 184 183 180
 149 170 177 168 166 168 161 161 157 161 162 160 168 163 172 171
 139 158 154 153 155 159 164 167 163 158 155 156 158 164 169 179
 137 158 155 155 155 158 161 163 161 161 158 158 162 164 168 171
 138 157 155 155 157 158 160 161 161 159 159 160 161 158 168 169
 135 156 155 155 155 157 158 159 159 159 159 155  81  77 152 170
 128 156 154 154 154 156 157 158 158 160 159  82  96 150  77 170
 124 155 154 153 154 154 156 157 157 126  79 100  75 151 156 168
 125 155 154 152 154 154 156 156 157  81 162  86 131 141 166 167
 128 154 153 151 153 153 155 113  96  75 103  79 160 163 164 166
 130 154 153 152 120 145 122 100 114  91 123 150 160 162 163 166
 132 154 152 150  53  63 117  86 121  91 157 159 160 162 164 165
 135 155 129 150  90  62  67 102 100 154 158 158 159 161 163 163
 137 133  38  69 113  74  95 115 154 156 157 158 159 160 161 161
 138 154  99  68  75  39 138 152 153 154 156 158 159 160 160 161
 133 154 151  83  88 138 149 150 152 154 155 156 158 159 159 158
 129 153 150 148 128 146 149 151 152 153 154 155 156 158 158 156
 128 145 150 141 138 141 134 135 134 137 138 137 146 141 151 151

 231 229 228 230 226 228 228 228 227 226 226 224 225 221 218 206
 228 228 228 202 102 212 229 228 229 228 227 226 225 225 224 209
 224 226 215 102 202 193 190 228 227 226 227 226 225 226 226 199
 224 226 224 111 126  97 173 216 225 225 225 226 226 226 226 207
 224 227 228 216 116 133 122 110 209 226 225 227 228 227 227 199
 226 228 228 228 228 107 222 140 174 226 225 225 227 227 227 201
 229 230 230 230 229 182 118 107 121 129 219 225 226 226 227 201
 232 233 231 230 229 228 228 134 164 169 144 225 225 225 226 199
 234 233 232 231 229 229 229 166 135 119 150 161 223 223 223 201
 233 231 231 229 230 229 229 228 178 168  96 141 201 222 223 201
 229 229 230 229 229 228 227 227 211  98  91 113  66 206 221 209
 228 230 230 230 229 227 227 227 181  89 145 167 117 130 190 209
 229 228 229 229 229 227 227 226 226 224 223 105 103 126 221 209
 231 230 231 230 229 228 228 228 227 227 190  62 152 227 225 220
 233 233 233 231 230 229 229 228 228 228 227 192 227 228 227 210
 197 194 195 194 186 185 174 177 179 182 186 190 194 193 188 181
 200 194 193 193 192 191 191 191 189 187 186 185 185 182 180 171
 192 192 192 171  87 177 191 190 188 187 186 187 185 184 183 172
 188 189 181  87 171 168 161 188 188 186 186 186 185 184 184 163
 185 187 186  94 109  86 148 182 186 186 184 185 185 185 183 168
 183 185 186 179  95 114 100  90 173 184 184 184 184 184 183 160
 183 186 186 186 186  89 185 119 144 183 183 184 182 183 182 162
 187 187 187 187 186 149  95  90 103 106 179 182 182 181 181 161
 191 189 188 187 185 185 185 112 134 141 116 181 180 180 180 157
 193 190 188 187 186 185 183 134 114 101 122 134 179 178 178 161
 191 188 187 186 185 184 184 184 144 138  81 114 162 177 177 161
 187 186 186 185 185 183 182 182 171  78  74  89  50 165 176 168
 183 185 184 185 184 182 182 181 144  68 113 135  94 106 154 166
 182 183 185 184 183 182 182 180 180 179 178  85  83 101 177 168
 185 185 185 184 183 182 182 181 181 180 151  50 121 181 179 177
 187 187 186 186 184 183 183 182 182 181 182 157 181 181 180 170
 161 160 160 156 150 148 144 147 150 151 154 157 160 156 152 149
 179 171 169 170 170 168 167 166 166 165 163 161 161 158 156 151
 169 168 168 152  77 156 166 164 163 164 163 161 160 159 158 151
 164 164 158  77 150 151 141 163 162 162 161 160 160 159 158 141
 158 162 161  81  96  75 131 160 160 160 159 159 159 158 156 146
 156 158 160 155  82 100  86  79 150 159 158 158 158 156 155 137
 155 158 159 159 159  79 162 103 123 157 158 157 156 155 154 138
 158 161 159 159 160 126  81  75  91  91 154 156 154 154 153 137
 163 161 161 159 158 157 157  96 114 121 100 154 153 152 152 134
 167 163 161 159 158 157 156 113 100  86 102 115 152 150 151 135
 164 161 160 158 157 156 156 155 122 117  67  95 138 149 149 134
 159 158 158 157 156 154 154 153 145  63  62  74  39 138 146 141
 155 155 157 155 154 154 154 153 120  53  90 113  75  88 128 138
 153 155 155 155 154 153 152 151 152 150 150  69  68  83 148 141
 154 155 155 155 154 154 154 153 153 152 129  38  99 151 150 150
 158 158 157 156 156 155 155 154 154 154 155 133 154 154 153 145
 139 137 138 135 128 124 125 128 130 132 135 137 138 133 129 128

 206 209 199 207 199 201 201 199 201 201 209 209 209 220 210 181
 218 224 226 226 227 227 227 226 223 223 221 190 221 225 227 188
 221 225 226 226 227 227 226 225 223 222 206 130 126 227 228 193
 225 225 225 226 228 227 226 225 223 201  66 117 103 152 227 194
 224 226 226 226 227 225 225 225 161 141 113 167 105  62 192 190
 226 227 227 225 225 225 219 144 150  96  91 145 223 190 227 186
 226 228 226 225 226 226 129 169 119 168  98  89 224 227 228 182
 227 229 227 225 209 174 121 164 135 178 211 181 226 227 228 179
 228 228 228 216 110 140 107 134 166 228 227 227 226 228 228 177
 228 229 190 173 122 222 118 228 229 229 227 227 227 228 229 174
 228 212 193  97 133 107 182 228 229 229 228 227 227 228 229 185
 226 102 202 126 116 228 229 229 229 230 229 229 229 229 230 186
 230 202 102 111 216 228 230 230 231 229 229 230 229 230 231 194
 228 228 215 224 228 228 230 231 232 231 230 230 229 231 233 195
 229 228 226 226 227 228 230 233 233 231 229 230 228 230 233 194
 231 228 224 224 224 226 229 232 234 233 229 228 229 231 233 197
 171 172 163 168 160 162 161 157 161 161 168 166 168 177 170 149
 180 183 184 183 183 182 181 180 178 177 176 154 177 179 180 152
 182 184 184 185 184 183 181 180 178 177 165 106 101 181 181 156
 185 185 185 185 184 182 182 180 179 162  50  94  83 121 181 160
 185 187 186 185 184 184 182 181 134 114  89 135  85  50 157 157
 186 186 186 184 184 183 179 116 122  81  74 113 178 151 182 154
 187 187 186 186 184 183 106 141 101 138  78  68 179 180 181 151
 189 188 188 186 173 144 103 134 114 144 171 144 180 181 182 150
 191 190 188 182  90 119  90 112 134 184 182 181 180 181 182 147
 191 191 161 148 100 185  95 185 183 184 182 182 182 182 183 144
 191 177 168  86 114  89 149 185 185 184 183 182 182 182 183 148
 192  87 171 109  95 186 186 185 186 185 185 184 183 183 184 150
 193 171  87  94 179 186 187 187 187 186 185 185 184 184 186 156
 193 192 181 186 186 186 187 188 188 187 186 184 185 185 186 160
 194 192 189 187 185 186 187 189 190 188 186 185 183 185 187 160
 200 192 188 185 183 183 187 191 193 191 187 183 182 185 187 161
 151 151 141 146 137 138 137 134 135 134 141 138 141 150 145 128
 156 158 158 156 155 154 153 152 151 149 146 128 148 150 153 129
 158 159 159 158 156 155 154 152 150 149 138  88  83 151 154 133
 161 160 160 159 158 156 154 153 152 138  39  75  68  99 154 138
 161 161 160 159 158 157 156 154 115  95  74 113  69  38 133 137
 163 163 161 159 158 158 154 100 102  67  62  90 150 129 155 135
 165 164 162 160 159 157  91 121  86 117  63  53 150 152 154 132
 166 163 162 160 150 123  91 114 100 122 145 120 152 153 154 130
 166 164 163 160  79 103  75  96 113 155 153 153 151 153 154 128
 167 166 141 131  86 162  81 157 156 156 154 154 152 154 155 125
 168 156 151  75 100  79 126 157 157 156 154 154 153 154 155 124
 170  77 150  96  82 159 160 158 158 157 156 154 154 154 156 128
 170 152  77  81 155 159 159 159 159 158 157 155 155 155 156 135
 169 168 158 161 160 159 159 161 161 160 158 157 155 155 157 138
 171 168 164 162 158 158 161 161 163 161 158 155 155 155 158 137
 179 169 164 158 156 155 158 163 167 164 159 155 153 154 158 139

 181 188 193 194 190 186 182 179 177 174 185 186 194 195 194 197
 210 227 228 227 192 227 228 228 228 229 229 230 231 233 233 233
 220 225 227 152  62 190 227 227 228 228 228 229 230 231 230 231
 209 221 126 103 105 223 224 226 226 227 227 229 229 229 228 229
 209 190 130 117 167 145  89 181 227 227 227 229 230 230 230 228
 209 221 206  66 113  91  98 211 227 227 228 229 229 230 229 229
 201 223 222 201 141  96 168 178 228 229 229 230 229 231 231 233
 201 223 223 223 161 150 119 135 166 229 229 229 231 232 233 234
 199 226 225 225 225 144 169 164 134 228 228 229 230 231 233 232
 201 227 226 226 225 219 129 121 107 118 182 229 230 230 230 229
 201 227 227 227 225 225 226 174 140 222 107 228 228 228 228 226
 199 227 227 228 227 225 226 209 110 122 133 116 216 228 227 224
 207 226 226 226 226 225 225 225 216 173  97 126 111 224 226 224
 199 226 226 225 226 227 226 227 228 190 193 202 102 215 226 224
 209 224 225 225 226 227 228 229 228 229 212 102 202 228 228 228
 206 218 221 225 224 226 226 227 228 228 228 226 230 228 229 231
 149 152 156 160 157 154 151 150 147 144 148 150 156 160 160 161
 170 180 181 181 157 182 181 182 182 183 183 184 186 186 187 187
 177 179 181 121  50 151 180 181 181 182 182 183 184 185 185 185
 168 177 101  83  85 178 179 180 180 182 182 183 184 185 183 182
 166 154 106  94 135 113  68 144 181 182 182 184 185 184 185 183
 168 176 165  50  89  74  78 171 182 182 183 185 185 186 186 187
 161 177 177 162 114  81 138 144 184 184 184 185 186 187 188 191
 161 178 178 179 134 122 101 114 134 183 185 186 187 188 190 193
 157 180 180 180 181 116 141 134 112 185 185 185 187 188 189 191
 161 181 181 182 182 179 106 103  90  95 149 186 187 187 187 187
 162 182 183 182 184 183 183 144 119 185  89 186 186 186 186 183
 160 183 184 184 184 184 184 173  90 100 114  95 179 186 185 183
 168 183 185 185 185 184 186 186 182 148  86 109  94 186 187 185
 163 184 184 185 186 186 186 188 188 161 168 171  87 181 189 188
 172 183 184 185 187 186 187 188 190 191 177  87 171 192 192 192
 171 180 182 185 185 186 187 189 191 191 191 192 193 193 194 200
 128 129 133 138 137 135 132 130 128 125 124 128 135 138 137 139
 145 153 154 154 133 155 154 154 154 155 155 156 156 157 158 158
 150 150 151  99  38 129 152 153 153 154 154 154 155 155 155 154
 141 148  83  68  69 150 150 152 151 152 153 154 155 155 155 153
 138 128  88  75 113  90  53 120 153 154 154 154 155 157 155 155
 141 146 138  39  74  62  63 145 153 154 154 156 157 158 158 159
 134 149 149 138  95  67 117 122 155 156 156 157 158 160 161 164
 135 151 150 152 115 102  86 100 113 156 157 158 159 161 163 167
 134 152 152 153 154 100 121 114  96 157 157 158 159 161 161 163
 137 153 154 154 156 154  91  91  75  81 126 160 159 159 161 158
 138 154 155 156 157 158 157 123 103 162  79 159 159 159 158 155
 137 155 156 158 158 158 159 150  79  86 100  82 155 160 158 156
 146 156 158 159 159 159 160 160 160 131  75  96  81 161 162 158
 141 158 159 160 160 161 162 162 163 141 151 150  77 158 164 164
 151 158 159 160 161 163 164 163 164 166 156  77 152 168 168 169
 151 156 158 161 161 163 165 166 166 167 168 170 170 169 171 179

