 255 255 255 255 255 255 255 255 255 255 255 255 255 255 255 255
 255 255 255 255 255 255 255 255 255 255 255 255 255 255 255 255
 255 255 255 255 239 170 123 112 134 176 242 255 255 255 255 255
 255 255 255 215 118 178 210 111  93  93 105 210 255 255 255 255
 255 255 242 128 228 252 113  88  89  89  89 100 224 255 255 255
 255 255 160 191 255 193  92  89  90  92  90  90 138 255 255 255
 255 254 120 246 255 138  93  89  91  94  95  95 101 236 255 255
 255 255 118 255 255 120  91  90  91  92  90  91  93 219 255 255
 255 253 114 251 255 127  94  94  96  91  93  93  99 228 255 254
 255 255 143 216 255 166  96  94  94  94  93  96 115 253 255 255
 255 255 206 133 251 233  96  98  94  95  93  99 177 255 255 255
 255 255 255 166 160 240 191 102  97  97  99 145 248 255 255 255
 255 255 255 255 179 117 151 119  97 106 180 250 255 255 255 255
 255 255 255 255 255 247 211 206 210 248 255 255 255 255 255 255
 255 255 255 255 255 255 255 255 255 255 255 255 255 255 255 254
 255 255 254 255 255 255 254 254 253 253 253 250 253 253 249 249
 225 227 227 228 228 229 231 232 233 234 236 235 238 235 235 236
 224 226 227 229 230 228 231 230 230 233 232 232 235 234 233 231
 225 225 227 228 210 137  82  75 100 145 212 230 231 233 232 231
 225 226 225 185  79 140 181  81  64  62  70 175 230 231 233 230
 224 224 210  89 193 223  83  60  60  60  60  66 189 230 233 234
 223 223 125 153 226 158  62  61  60  63  60  60  99 228 231 232
 223 222  76 213 224 106  62  60  61  65  66  64  66 206 231 232
 222 220  72 226 226  89  61  61  63  64  60  61  61 188 229 230
 222 218  70 219 226  93  64  62  65  62  62  62  64 195 229 225
 220 221 105 176 229 134  65  63  65  63  63  64  77 225 229 228
 220 221 170  95 222 202  65  67  64  65  63  67 137 229 228 228
 220 218 220 128 123 210 157  72  65  65  66 106 219 228 228 227
 219 219 220 219 144  81 115  88  64  66 143 225 229 230 229 228
 218 219 220 221 225 216 177 170 179 219 229 231 230 230 230 228
 217 218 220 221 223 223 225 226 228 226 228 229 229 229 229 225
 222 224 221 226 225 225 223 227 221 226 226 221 228 228 218 220
 159 157 155 156 156 156 158 161 160 163 164 163 167 163 164 171
 161 155 156 158 158 157 161 161 158 161 159 160 161 161 159 160
 160 154 156 157 147  92  49  44  66 101 148 156 158 160 159 159
 156 154 155 130  44  94 130  49  37  35  43 126 159 159 158 159
 157 153 146  51 136 155  49  33  34  34  34  36 135 159 159 162
 157 152  80 103 154 104  33  35  33  35  33  32  64 162 157 163
 157 154  40 152 155  66  35  33  33  36  37  36  34 143 158 161
 156 153  36 161 157  54  33  34  34  36  34  33  31 133 158 159
 156 151  32 153 156  56  36  34  36  34  36  32  33 141 157 155
 152 152  65 125 157  83  36  33  34  34  34  35  44 158 156 156
 156 152 113  55 154 139  33  38  34  36  34  35  95 155 155 156
 155 149 151  81  79 145 104  40  36  36  34  67 152 156 155 156
 154 150 151 150  93  44  75  52  35  34  96 155 156 155 156 159
 153 149 151 151 153 150 121 114 120 155 156 157 156 156 157 157
 151 150 151 151 153 152 154 153 155 152 155 155 154 155 156 158
 160 158 155 160 159 157 155 161 156 158 159 155 161 160 152 158

 255 255 255 255 255 255 255 255 254 255 255 255 255 255 254 249
 255 255 255 255 255 255 255 255 255 255 255 255 255 255 255 249
 255 255 255 255 255 255 236 219 228 253 255 255 255 255 255 253
 255 255 255 255 224 138 101  93  99 115 177 248 255 255 255 253
 255 255 255 210 100  90  95  91  93  96  99 145 250 255 255 250
 255 255 242 105  89  90  95  90  93  93  93  99 180 255 255 253
 255 255 176  93  89  92  94  92  91  94  95  97 106 248 255 253
 255 255 134  93  89  90  91  91  96  94  94  97  97 210 255 253
 255 255 112 111  88  89  89  90  94  94  98 102 119 206 255 254
 255 255 123 210 113  92  93  91  94  96  96 191 151 211 255 254
 255 255 170 178 252 193 138 120 127 166 233 240 117 247 255 255
 255 255 239 118 228 255 255 255 255 255 251 160 179 255 255 255
 255 255 255 215 128 191 246 255 251 216 133 166 255 255 255 255
 255 255 255 255 242 160 120 118 114 143 206 255 255 255 255 254
 255 255 255 255 255 255 254 255 253 255 255 255 255 255 255 255
 255 255 255 255 255 255 255 255 255 255 255 255 255 255 255 255
 236 231 231 230 234 232 232 230 225 228 228 227 228 228 225 220
 235 233 232 233 233 231 231 229 229 229 228 228 229 230 229 218
 235 234 233 231 230 228 206 188 195 225 229 228 230 230 229 228
 238 235 231 230 189  99  66  61  64  77 137 219 229 230 229 228
 235 232 230 175  66  60  64  61  62  64  67 106 225 231 229 221
 236 232 212  70  60  60  66  60  62  63  63  66 143 229 228 226
 234 233 145  62  60  63  65  64  62  63  65  65  66 219 226 226
 233 230 100  64  60  60  61  63  65  65  64  65  64 179 228 221
 232 230  75  81  60  61  60  61  62  63  67  72  88 170 226 227
 231 231  82 181  83  62  62  61  64  65  65 157 115 177 225 223
 229 228 137 140 223 158 106  89  93 134 202 210  81 216 223 225
 228 230 210  79 193 226 224 226 226 229 222 123 144 225 223 225
 228 229 228 185  89 153 213 226 219 176  95 128 219 221 221 226
 227 227 227 225 210 125  76  72  70 105 170 220 220 220 220 221
 227 226 225 226 224 223 222 220 218 221 221 218 219 219 218 224
 225 224 225 225 224 223 223 222 222 220 220 220 219 218 217 222
 171 160 159 159 162 163 161 159 155 156 156 156 159 157 158 158
 164 159 159 158 159 157 158 158 157 156 155 155 156 157 156 152
 163 161 160 159 159 162 143 133 141 158 155 156 155 156 155 160
 167 161 158 159 135  64  34  31  33  44  95 152 156 156 154 161
 163 160 156 126  36  32  36  33  32  35  35  67 155 157 155 155
 164 159 148  43  34  33  37  34  36  34  34  34  96 156 155 159
 163 161 101  35  34  35  36  36  34  34  36  36  34 155 152 158
 160 158  66  37  34  33  33  34  36  34  34  36  35 120 155 156
 161 161  44  49  33  35  33  34  34  33  38  40  52 114 153 161
 158 161  49 130  49  33  35  33  36  36  33 104  75 121 154 155
 156 157  92  94 155 104  66  54  56  83 139 145  44 150 152 157
 156 158 147  44 136 154 155 157 156 157 154  79  93 153 153 159
 156 158 157 130  51 103 152 161 153 125  55  81 150 151 151 160
 155 156 156 155 146  80  40  36  32  65 113 151 151 151 151 155
 157 155 154 154 153 152 154 153 151 152 152 149 150 149 150 158
 159 161 160 156 157 157 157 156 156 152 156 155 154 153 151 160

 249 249 253 253 250 253 253 253 254 254 255 255 255 254 255 255
 254 255 255 255 255 255 255 255 255 255 255 255 255 255 255 255
 255 255 255 255 255 255 248 210 206 211 247 255 255 255 255 255
 255 255 255 255 250 180 106  97 119 151 117 179 255 255 255 255
 255 255 255 248 145  99  97  97 102 191 240 160 166 255 255 255
 255 255 255 177  99  93  95  94  98  96 233 251 133 206 255 255
 255 255 253 115  96  93  94  94  94  96 166 255 216 143 255 255
 254 255 228  99  93  93  91  96  94  94 127 255 251 114 253 255
 255 255 219  93  91  90  92  91  90  91 120 255 255 118 255 255
 255 255 236 101  95  95  94  91  89  93 138 255 246 120 254 255
 255 255 255 138  90  90  92  90  89  92 193 255 191 160 255 255
 255 255 255 224 100  89  89  89  88 113 252 228 128 242 255 255
 255 255 255 255 210 105  93  93 111 210 178 118 215 255 255 255
 255 255 255 255 255 242 176 134 112 123 170 239 255 255 255 255
 255 255 255 255 255 255 255 255 255 255 255 255 255 255 255 255
 255 255 255 255 255 255 255 255 255 255 255 255 255 255 255 255
 220 218 228 228 221 226 226 221 227 223 225 225 226 221 224 222
 225 229 229 229 229 228 226 228 226 225 223 223 221 220 218 217
 228 230 230 230 231 229 219 179 170 177 216 225 221 220 219 218
 228 229 230 229 225 143  66  64  88 115  81 144 219 220 219 219
 227 228 228 219 106  66  65  65  72 157 210 123 128 220 218 220
 228 228 229 137  67  63  65  64  67  65 202 222  95 170 221 220
 228 229 225  77  64  63  63  65  63  65 134 229 176 105 221 220
 225 229 195  64  62  62  62  65  62  64  93 226 219  70 218 222
 230 229 188  61  61  60  64  63  61  61  89 226 226  72 220 222
 232 231 206  66  64  66  65  61  60  62 106 224 213  76 222 223
 232 231 228  99  60  60  63  60  61  62 158 226 153 125 223 223
 234 233 230 189  66  60  60  60  60  83 223 193  89 210 224 224
 230 233 231 230 175  70  62  64  81 181 140  79 185 225 226 225
 231 232 233 231 230 212 145 100  75  82 137 210 228 227 225 225
 231 233 234 235 232 232 233 230 230 231 228 230 229 227 226 224
 236 235 235 238 235 236 234 233 232 231 229 228 228 227 227 225
 158 152 160 161 155 159 158 156 161 155 157 159 160 155 158 160
 158 156 155 154 155 155 152 155 153 154 152 153 151 151 150 151
 157 157 156 156 157 156 155 120 114 121 150 153 151 151 149 153
 159 156 155 156 155  96  34  35  52  75  44  93 150 151 150 154
 156 155 156 152  67  34  36  36  40 104 145  79  81 151 149 155
 156 155 155  95  35  34  36  34  38  33 139 154  55 113 152 156
 156 156 158  44  35  34  34  34  33  36  83 157 125  65 152 152
 155 157 141  33  32  36  34  36  34  36  56 156 153  32 151 156
 159 158 133  31  33  34  36  34  34  33  54 157 161  36 153 156
 161 158 143  34  36  37  36  33  33  35  66 155 152  40 154 157
 163 157 162  64  32  33  35  33  35  33 104 154 103  80 152 157
 162 159 159 135  36  34  34  34  33  49 155 136  51 146 153 157
 159 158 159 159 126  43  35  37  49 130  94  44 130 155 154 156
 159 159 160 158 156 148 101  66  44  49  92 147 157 156 154 160
 160 159 161 161 160 159 161 158 161 161 157 158 158 156 155 161
 171 164 163 167 163 164 163 160 161 158 156 156 156 155 157 159

 255 255 255 255 255 255 255 255 255 255 255 255 255 255 255 255
 255 255 255 255 255 255 255 253 255 254 255 255 255 255 255 255
 254 255 255 255 255 206 143 114 118 120 160 242 255 255 255 255
 255 255 255 255 166 133 216 251 255 246 191 128 215 255 255 255
 255 255 255 179 160 251 255 255 255 255 255 228 118 239 255 255
 255 255 247 117 240 233 166 127 120 138 193 252 178 170 255 255
 254 255 211 151 191  96  96  94  91  93  92 113 210 123 255 255
 254 255 206 119 102  98  94  94  90  89  89  88 111 112 255 255
 253 255 210  97  97  94  94  96  91  91  90  89  93 134 255 255
 253 255 248 106  97  95  94  91  92  94  92  89  93 176 255 255
 253 255 255 180  99  93  93  93  90  95  90  89 105 242 255 255
 250 255 255 250 145  99  96  93  91  95  90 100 210 255 255 255
 253 255 255 255 248 177 115  99  93 101 138 224 255 255 255 255
 253 255 255 255 255 255 253 228 219 236 255 255 255 255 255 255
 249 255 255 255 255 255 255 255 255 255 255 255 255 255 255 255
 249 254 255 255 255 255 255 254 255 255 255 255 255 255 255 255
 222 217 218 219 220 220 220 222 222 223 223 224 225 225 224 225
 224 218 219 219 218 221 221 218 220 222 223 224 226 225 226 227
 221 220 220 220 220 170 105  70  72  76 125 210 225 227 227 227
 226 221 221 219 128  95 176 219 226 213 153  89 185 228 229 228
 225 223 225 144 123 222 229 226 226 224 226 193  79 210 230 228
 225 223 216  81 210 202 134  93  89 106 158 223 140 137 228 229
 223 225 177 115 157  65  65  64  61  62  62  83 181  82 231 231
 227 226 170  88  72  67  63  62  61  60  61  60  81  75 230 232
 221 228 179  64  65  64  65  65  63  61  60  60  64 100 230 233
 226 226 219  66  65  65  63  62  64  65  63  60  62 145 233 234
 226 228 229 143  66  63  63  62  60  66  60  60  70 212 232 236
 221 229 231 225 106  67  64  62  61  64  60  66 175 230 232 235
 228 229 230 229 219 137  77  64  61  66  99 189 230 231 235 238
 228 229 230 230 228 229 225 195 188 206 228 230 231 233 234 235
 218 229 230 229 228 228 229 229 229 231 231 233 233 232 233 235
 220 225 228 228 227 228 228 225 230 232 232 234 230 231 231 236
 160 151 153 154 155 156 152 156 156 157 157 157 156 160 161 159
 158 150 149 150 149 152 152 151 153 154 152 153 154 154 155 157
 155 151 151 151 151 113  65  32  36  40  80 146 155 156 156 155
 160 151 151 150  81  55 125 153 161 152 103  51 130 157 158 156
 159 153 153  93  79 154 157 156 157 155 154 136  44 147 158 156
 157 152 150  44 145 139  83  56  54  66 104 155  94  92 157 156
 155 154 121  75 104  33  36  36  33  35  33  49 130  49 161 158
 161 153 114  52  40  38  33  34  34  33  35  33  49  44 161 161
 156 155 120  35  36  34  34  36  34  33  33  34  37  66 158 160
 158 152 155  34  36  36  34  34  36  36  35  34  35 101 161 163
 159 155 156  96  34  34  34  36  34  37  33  34  43 148 159 164
 155 155 157 155  67  35  35  32  33  36  32  36 126 156 160 163
 161 154 156 156 152  95  44  33  31  34  64 135 159 158 161 167
 160 155 156 155 156 155 158 141 133 143 162 159 159 160 161 163
 152 156 157 156 155 155 156 157 158 158 157 159 158 159 159 164
 158 158 157 159 156 156 156 155 159 161 163 162 159 159 160 171

